[Paper0]
Name=Custom Size 1
DisplayName=Custom Size 1
Width=215.89999389648438
Height=279.39999389648438
MarginTop=3.1749999999999998
MarginBottom=12.699999999999999
MarginLeft=0
MarginRight=82.549999999999997
Orientation=portrait
